NA00001_af	NA00001_count	NA00002_af	NA00002_count	NA00003_af	NA00003_count	NA00004_af	NA00004_count
0.09950248756218906	1005	0.009910802775024777	5045	0.0009893153937475267	10108	0.009918845807033363	5545
0.09953917050691244	1085	0.009910802775024777	5045	0.0009893153937475267	10108	0.009918845807033363	5545
0.09937888198757763	805	0.009910802775024777	5045	0.0009893153937475267	10108	0.009918845807033363	5545
0.09950248756218906	1005	0.009910802775024777	5045	0.0009893153937475267	10108	0.009918845807033363	5545
0.09953917050691244	1085	0.009910802775024777	5045	0.0009893153937475267	10108	0.009918845807033363	5545
0.09937888198757763	805	0.009910802775024777	5045	0.0009893153937475267	10108	0.009918845807033363	5545
0.09950248756218906	1005	0.009910802775024777	5045	0.0009893153937475267	10108	0.009918845807033363	5545
0.09953917050691244	1085	0.009910802775024777	5045	0.0009893153937475267	10108	0.009918845807033363	5545
0.09937888198757763	805	0.009910802775024777	5045	0.0009893153937475267	10108	0.009918845807033363	5545
