NA00001_af	NA00001_count	NA00002_af	NA00002_count	NA00003_af	NA00003_count	NA00004_af	NA00004_count	NA00005_af	NA00005_count	NA00006_af	NA00006_count
0.09950248756218906	1005	0.009910802775024777	5045	0.0009893153937475267	10108	0.009918845807033363	5545	0.0009893153937475267	10108	0.009918845807033363	5545
0.09953917050691244	1085	0.009910802775024777	5045	0.0009893153937475267	10108	0.09927797833935018	554	0.0009893153937475267	10108	0.0009917951492200883	55455
0.09937888198757763	805	0.009910802775024777	5045	0.0009893153937475267	10108	0.009918845807033363	5545	0.0009893153937475267	10108	0.009918845807033363	5545
0.09950248756218906	1005	0.009910802775024777	5045	0.0009893153937475267	10108	0.09927797833935018	554	0.0009893153937475267	10108	0.0009917951492200883	55455
0.09953917050691244	1085	0.009910802775024777	5045	0.0009893153937475267	10108	0.09927797833935018	554	0.0009893153937475267	10108	0.0009917951492200883	55455
0.09937888198757763	805	0.009910802775024777	5045	0.0009893153937475267	10108	0.09927797833935018	554	0.0009893153937475267	10108	0.0009917951492200883	55455
0.09950248756218906	1005	0.009910802775024777	5045	0.0009893153937475267	10108	0.09927797833935018	554	0.0009893153937475267	10108	0.0009917951492200883	55455
0.09953917050691244	1085	0.009910802775024777	5045	0.0009893153937475267	10108	0.09927797833935018	554	0.0009893153937475267	10108	0.0009917951492200883	55455
0.09937888198757763	805	0.009910802775024777	5045	0.0009893153937475267	10108	0.09927797833935018	554	0.0009893153937475267	10108	0.0009917951492200883	55455
